2022-04-12 21:56:10.0660 AT+LUATCONSOLE=1

2022-04-12 21:56:10.0669 

2022-04-12 21:56:10.0689 ATI

2022-04-12 21:56:10.0696 

2022-04-12 21:56:10.0696 LuatOS-HMI_V3211_RDA8910

2022-04-12 21:56:10.0708 

2022-04-12 21:56:10.0713 OK

2022-04-12 21:56:10.0725 AT+LUACHECKSUM=5037c282d33ca08ae85d93f2376b5370

2022-04-12 21:56:10.0746 

2022-04-12 21:56:10.0746 +LUACHECKSUM: 0

2022-04-12 21:56:10.0755 

2022-04-12 21:56:10.0756 OK

2022-04-12 21:56:12.3817 

2022-04-12 21:56:12.3822 +CPIN: READY

2022-04-12 21:56:12.3823 

2022-04-12 21:56:12.3829 ^CARDMODE: 2

2022-04-12 21:56:14.0988 AT+RESET

2022-04-12 21:56:14.0993 

2022-04-12 21:56:14.0994 OK

2022-04-12 21:56:18.1546 AT+LUATCONSOLE=1

2022-04-12 21:56:18.1546 

2022-04-12 21:56:21.2336 

2022-04-12 21:56:21.2336 +CPIN: READY

2022-04-12 21:56:21.2347 

2022-04-12 21:56:21.2347 ^CARDMODE: 2

2022-04-12 21:56:22.3910 > lualibc_fopen fail -4200062,0,/lib_err.txt

2022-04-12 21:56:22.3931 [E]-[errDump.luaErr] /lua/logo.lua:36: attempt to index global 'mywifiscan' (a nil value)

2022-04-12 21:56:22.3940 stack traceback:

2022-04-12 21:56:22.3943 	/lua/logo.lua:36: in main chunk

2022-04-12 21:56:22.3950 	[C]: in function 'require'

2022-04-12 21:56:22.3955 	/lua/main.lua:65: in main chunk

2022-04-12 21:56:22.3960 	[C]: ?

2022-04-12 21:56:22.3961 lualibc_fopen fail -4200062,0,/lib_network_err.txt

2022-04-12 21:56:22.3970 [E]-[errDump.firmwareAssertErr] func=OPENAT_assert-line=ac-ra=0

2022-04-12 21:56:23.6545 

2022-04-12 21:56:23.6545 ^MODE: 17,17

2022-04-12 21:56:23.6545 

2022-04-12 21:56:23.6951 

2022-04-12 21:56:23.6951 +NITZ: 22/04/12,13:56:23+32,0

2022-04-12 21:56:23.6981 

2022-04-12 21:56:23.6981 *CGEV: ACT,5,"CMIOT.MNC008.MCC460.GPRS","10.114.123.98"

2022-04-12 21:56:24.9649 

2022-04-12 21:56:24.9649 SMS READY

2022-04-12 21:56:33.1871 lua /lua/logo.lua:36: attempt to index global 'mywifiscan' (a nil value)

